FACT-SLZ1311,1152457991,CC,1,22/08/2019,,890201,10,13,A012,,,,1,2000,0,2000
FACT-SLZ1312,1152457991,CC,1,22/08/2019,,890201,10,13,A000,,,,1,1920,0,1920
FACT-SLZ1313,1152457991,CC,1,22/08/2019,432432423432,890201,10,13,A000,,,,1,2000,0,2000
FACT-SLZ1314,1152457991,CC,1,22/08/2019,4534543,890201,10,13,A000,,,,1,2000,0,2000
FACT-SLZ1315,1152457991,CC,1,22/08/2019,345678,890201,10,13,A000,,,,1,2000,0,2000
FACT-SLZ1316,1152457991,CC,1,22/08/2019,,890201,10,13,A000,,,,1,2000,0,2000
FACT-SLZ1317,1152457991,CC,1,22/08/2019,5435345,890201,10,13,A000,,,,1,2000,0,2000
FACT-SLZ1319,1152457991,CC,1,22/08/2019,,890201,10,13,A020,,,,1,1920,0,1920
FACT-SLZ1321,1152457991,CC,1,22/08/2019,,890201,10,13,A000,,,,1,2000,0,2000
FACT-1172,1152457991,CC,1,22/08/2019,,890302,10,15,A000,,,,3,200000,0,200000
FACT-1172,1152457991,CC,1,22/08/2019,,890302,10,15,A000,,,,3,200000,0,200000
